共有 55 位學員
--------------------
group 1:

40623211
40623221
40623203
40623212
40623240
40623216
40623228
40623233
40623222
40623245
40623206
--------------------
group 2:

40623247
40423217
40623236
40623209
40623250
40623214
40623249
40623215
40623251
40623220
40623202
--------------------
group 3:

40423155
40623241
40623237
40623219
40623246
40423207
40623231
40423131
40623218
40423160
40623207
--------------------
group 4:

40423232
40623238
40623224
40623225
40623227
40423237
40623226
40623210
40623239
40623234
40423158
--------------------
group 5:

40623229
40623223
40623248
40623204
40623242
40623243
40623244
40423220
40623217
40623232
40623201